Bad ones for codimension c = 7 up to max degree d = 10
{0,1,2,3,4,5,8,9}
{0,1,2,3,4,5,9,10}
{0,1,2,3,4,7,8,9}
{0,1,2,3,4,7,9,10}
{0,1,2,3,4,8,9,10}
{0,1,2,3,7,8,9,10}
{0,1,2,4,5,7,8,9}
{0,1,2,5,6,7,8,9}
{0,1,2,6,7,8,9,10}
{0,1,3,4,6,7,9,10}
{0,1,3,6,7,8,9,10}
{0,1,4,5,6,7,8,9}
{0,1,5,6,7,8,9,10}
gcd_rinsed ones: 
{0,1,2,3,4,5,8,9}
{0,1,2,3,4,5,9,10}
{0,1,2,3,4,7,8,9}
{0,1,2,3,4,7,9,10}
{0,1,2,3,4,8,9,10}
{0,1,2,3,7,8,9,10}
{0,1,2,4,5,7,8,9}
{0,1,2,5,6,7,8,9}
{0,1,2,6,7,8,9,10}
{0,1,3,4,6,7,9,10}
{0,1,3,6,7,8,9,10}
{0,1,4,5,6,7,8,9}
{0,1,5,6,7,8,9,10}
-1